NOMINUM Ac RERUM 663

Atlans baiulus 88811 6, 796. - 6811818 quid 111 1, 467. 466. -
philosophus 1, 741. 888 1188 funeribus 6, 279 81.
8118818111 188818 (Quintil. 4,1,3) 433. 7, 323. ll, 214. 12, 282.
1, 33. 881. 1, 188. 111. 1, 304. 332. - bellorum 11111 818.
1, 333. 8, 440. 9,1 (8). 88. 11, 11. 11, 332. - inbellis
11, 314. 118881 quantum valeant 11,
auctores (praeterVergilii iuter· 868-1811818 perieulum maxi-
pretes) appellantur sine no· mum est ll, 231 8111111181.
mine 1, 660. 4, 316. 6, 333. 68886818 quomodo 3181811881
3, 232. 10, 1. 8, 443. 3, 30. 12, 333.
88118118181138168818,110.0,3. „beno me 88811111“ 18 8111 ho-
augmento orationisvel (18181111- minum est l, 76. 3, 333. 7,
tionis (supplementa, 88188- 261 of. v. d. Hoeven p. 32.
lus, 88188181, 181181 818.) 1, benivolum faeere (1181811161,
27. 50. 238. 243. 257. 349 sqq. 5) l, 65. 76. 372. 522. 665.
384. 600. 640. 729. 2,65. 106. 667. 2, 77. 4, 91. 7, 253. 8,
169. 235. 290. 966. 40311111. 127. 440. 0, 89. 10, 252. 11,
769. 782. 785. 3, 41. 134sqq. 483. 12, 142.
248. 287. 296. 333. 398. 480, 611 111881 vitiosum (8111818111.
4, 142. 143. 214. 300. 303. 4, 2, 43. Gen. 13, 23) 1, 333.
323. 680. 5, 8. 32. 263. 265. 966. 563. 2, 506. 312. 591.
414. 8411. 1, 243. 233. 111. 111. 1, 32. 10, 111. 118. 303.
423. 443. 433. 433. 302. 8, 11, 43. 230. 333. 12, 334.
168. 423. 9, 112. 486. 602. 61886188118888110,665.
10, 23. 67. 252. 261. 333. 433. brevitas (celeritas, conpendium,
11, 73. 102. 119. 433. 667. breviter, oito 818.) prooem.
721. 747. 821. 12, 20. 94149. 1). 7. l, l. 80. 133. 160. 257.
179. 575. 668. 875. 298. 340. 950. 969. 372. 975.
auguria prudenter 8 8181811681 494. 62411111. 683. 696. 696.
reperta 1, 992. 669. 705. 2, 9. 150. 288. 322.
Augustus 088181 6, 792. 324. 396. 606. 660. 657. 3, 46.
8818 nascitur luce exoriente 72. 86. 96166. 114118141.
3, 630. - 811188 populures 288. 4, 333. 632. 6,108. 306.
quid 11111 6, 816. 962. 746. 789. 812. 6, 294.
88181 1. 88811. 321 400. 630. 541. 646. 678.
881 8881888118 disiunctiva 1,70. 713. 7, 32. 181. 196. 213. 222.
avaritia 1. 343. 8, 44. 188, 321. 333. 333. 411. 411. 181. 181.
8, 327. ll, 228. 8181811811181. 86011111. 67. 79. 10211111. 146.
81811818 quid sit 10, 660. of. 377. 441. 443. 9,13.176.219.
vellere. 970. 376. 381. 424. 482. 560.
8181 quomodo 8811188181 11, 10,127. 172. 231. 261. 268.
330. - 18118111. 11881. 181. 818. 333. 811. 881. 11,
111. 182. 220. 250. 315. 465.
Β8ῐ68118811111,777. 508. 515sqq. 557. 581. 690.
barbaricum 8818812604. 711. 741. 849. 863. 12, ‘1⁴
Bellone crudelitatis (188 7,319. 313. 324. 173.

 

